1 0.7555679287305123 0.35177865612648224 0.04120267260579064 0.14624505928853754
0 0.9721603563474388 0.2490118577075099 0.017817371937639197 0.10276679841897234
1 0.638641425389755 0.09683794466403162 0.02783964365256125 0.1067193675889328
1 0.6636971046770601 0.18972332015810275 0.0334075723830735 0.11462450592885376
1 0.7878619153674833 0.22628458498023715 0.036748329621380846 0.116600790513834
1 0.3596881959910913 0.866600790513834 0.06904231625835189 0.2628458498023715
1 0.8157015590200446 0.5464426877470355 0.052338530066815145 0.17984189723320157
1 0.8685968819599109 0.6027667984189723 0.0556792873051225 0.17786561264822134
1 0.2366369710467706 0.775691699604743 0.06570155902004454 0.1600790513833992
2 0.23544543429844098 0.7255731225296442 0.0238641425389755 0.0508102766798419
2 0.36429844097995545 0.764407114624506 0.028630289532293986 0.04375494071146245
2 0.8693875278396437 0.5321936758893281 0.027048997772828508 0.04235177865612648
2 0.8180846325167038 0.47784584980237155 0.02783964365256125 0.04375494071146245
2 0.7516703786191536 0.2936166007905138 0.01908685968819599 0.036699604743083
2 0.7870712694877505 0.1856324110671937 0.019888641425389753 0.029644268774703556
2 0.6665590200445435 0.1482213438735178 0.017494432071269488 0.028241106719367588