1 0.7536458333333333 0.4546296296296296 0.06979166666666667 0.24814814814814815
1 0.5606770833333333 0.5083333333333333 0.0953125 0.3574074074074074
1 0.11681770833333333 0.6163981481481482 0.20833333333333334 0.7539722222222222
3 0.115328125 0.32539814814814816 0.07440625000000001 0.13491666666666668
1 0.38095312499999995 0.5667962962962962 0.174109375 0.6018518518518519
3 0.3854166666666667 0.32804629629629634 0.04761979166666667 0.08994444444444445
3 0.4285729166666667 0.33862037037037035 0.03422395833333333 0.08465740740740742
2 0.5695677083333333 0.36639814814814814 0.040921874999999996 0.05290740740740741
2 0.6499270833333333 0.3769814814814815 0.040921874999999996 0.0661388888888889
2 0.7566979166666666 0.35250925925925924 0.026786458333333332 0.046296296296296294
1 0.9836302083333333 0.5158703703703703 0.03125 0.32804629629629634