1 0.6837416481069042 0.16205533596837945 0.035634743875278395 0.11462450592885376
1 0.8474387527839644 0.37648221343873517 0.0467706013363029 0.1442687747035573
1 0.7366369710467706 0.10968379446640317 0.034521158129175944 0.10474308300395258
0 0.9716035634743875 0.20355731225296442 0.01893095768374165 0.09486166007905138
1 0.60913140311804 0.06296442687747035 0.031180400890868598 0.12590909090909091
1 0.3841870824053452 0.7322134387351779 0.06904231625835189 0.25889328063241107
1 0.26002227171492204 0.6521739130434783 0.061247216035634745 0.12648221343873517
1 0.7989977728285078 0.33893280632411066 0.045657015590200446 0.1442687747035573
2 0.38577951002227173 0.6295849802371541 0.025456570155902004 0.04235177865612648
2 0.26248329621380845 0.6197035573122529 0.031815144766147 0.04800395256916996
2 0.8471158129175947 0.3232608695652174 0.01908685968819599 0.033873517786561266
2 0.8017817371937639 0.28373517786561264 0.022271714922048998 0.036699604743083
2 0.6804788418708241 0.11928853754940712 0.01829621380846325 0.040928853754940715
2 0.7341759465478841 0.07622529644268775 0.01908685968819599 0.028241106719367588