1 0.6319599109131403 0.08201581027667984 0.02783964365256125 0.10474308300395258
0 0.9721603563474388 0.24110671936758893 0.017817371937639197 0.10276679841897234
1 0.7505567928730512 0.325098814229249 0.0400890868596882 0.1442687747035573
1 0.7811804008908686 0.21047430830039526 0.036748329621380846 0.11264822134387352
1 0.3669265033407572 0.8557312252964426 0.07238307349665925 0.2766798418972332
1 0.6575723830734966 0.17292490118577075 0.03229398663697105 0.11264822134387352
1 0.24443207126948774 0.758893280632411 0.07238307349665925 0.1541501976284585
1 0.8145879732739421 0.5187747035573123 0.052338530066815145 0.17984189723320157
1 0.8652561247216035 0.5721343873517787 0.0556792873051225 0.17588932806324112
2 0.23942093541202672 0.7185177865612649 0.025456570155902004 0.062114624505928855
2 0.36548997772828506 0.7418181818181818 0.02943207126948775 0.060691699604743084
2 0.8666035634743876 0.5046640316205534 0.01670378619153675 0.040928853754940715
2 0.817293986636971 0.45314229249011856 0.024654788418708242 0.039525691699604744
2 0.7484855233853006 0.2696245059288538 0.020679287305122494 0.02541501976284585
2 0.779510022271715 0.170098814229249 0.022271714922048998 0.032470355731225295
2 0.6609910913140312 0.13551383399209485 0.01908685968819599 0.031047430830039528