0 0.9716035634743875 0.26679841897233203 0.01893095768374165 0.10276679841897234
1 0.626391982182628 0.058300395256917 0.02783964365256125 0.08893280632411067
1 0.3351893095768374 0.9169960474308301 0.07349665924276169 0.16205533596837945
1 0.21269487750556793 0.8913043478260869 0.08240534521158129 0.20948616600790515
1 0.811804008908686 0.7282608695652174 0.060133630289532294 0.2075098814229249
1 0.8195991091314031 0.3142292490118577 0.042316258351893093 0.13043478260869565
1 0.7611358574610245 0.5345849802371542 0.05011135857461024 0.17588932806324112
1 0.8758351893095768 0.8073122529644269 0.06347438752783964 0.1956521739130435
1 0.6804008908685969 0.18280632411067194 0.0334075723830735 0.12055335968379446
1 0.6954342984409799 0.30335968379446643 0.04120267260579064 0.12845849802371542
2 0.20641425389755014 0.8215612648221343 0.026247216035634745 0.06776679841897233
2 0.34004454342984414 0.8646245059288538 0.02783964365256125 0.05788537549407115
2 0.8153006681514476 0.6542885375494071 0.0238641425389755 0.03812252964426877
2 0.878140311804009 0.7347628458498024 0.027048997772828508 0.05788537549407115
2 0.763207126948775 0.4637154150197628 0.021481069042316257 0.04940711462450593
2 0.8192761692650334 0.2660869565217391 0.025456570155902004 0.04375494071146245
2 0.6955902004454343 0.2540909090909091 0.024654788418708242 0.039525691699604744
2 0.6840645879732739 0.13905138339920947 0.014320712694877506 0.021166007905138343