1 0.670935412026726 0.13339920948616601 0.034521158129175944 0.10869565217391304
0 0.9716035634743875 0.18972332015810275 0.01893095768374165 0.10276679841897234
1 0.7293986636971047 0.08794466403162056 0.0334075723830735 0.1007905138339921
1 0.3880846325167038 0.708498023715415 0.06570155902004454 0.2549407114624506
1 0.26169265033407574 0.6314229249011858 0.060133630289532294 0.12450592885375494
1 0.7951002227171492 0.3092885375494071 0.044543429844097995 0.1442687747035573
1 0.8429844097995546 0.3458498023715415 0.044543429844097995 0.14624505928853754
1 0.604521158129176 0.05646245059288538 0.04135857461024499 0.11292490118577075
2 0.26169265033407574 0.5971146245059288 0.0238641425389755 0.04800395256916996
2 0.7954231625835189 0.254802371541502 0.020679287305122494 0.032470355731225295
2 0.8439420935412026 0.2922134387351779 0.022271714922048998 0.033873517786561266
2 0.7321826280623608 0.05575098814229249 0.01670378619153675 0.02399209486166008
2 0.6697438752783964 0.09104743083003952 0.014320712694877506 0.026818181818181817