0 0.9716035634743875 0.2124505928853755 0.01893095768374165 0.1007905138339921
1 0.6962249443207127 0.18478260869565216 0.036748329621380846 0.12055335968379446
1 0.8502227171492205 0.40217391304347827 0.04788418708240535 0.1442687747035573
1 0.7433184855233853 0.12450592885375494 0.034521158129175944 0.10276679841897234
1 0.3819599109131403 0.7480237154150198 0.07349665924276169 0.25889328063241107
1 0.2572383073496659 0.6650197628458498 0.062360801781737196 0.12845849802371542
1 0.8017817371937639 0.36363636363636365 0.0467706013363029 0.15019762845849802
1 0.6192316258351893 0.0875296442687747 0.03419821826280624 0.13268774703557312
2 0.25771714922049 0.6338142292490118 0.020679287305122494 0.0508102766798419
2 0.3849777282850779 0.6415810276679842 0.025456570155902004 0.03812252964426877
2 0.8507015590200445 0.35079051383399207 0.01670378619153675 0.026818181818181817
2 0.8021826280623608 0.30772727272727274 0.024654788418708242 0.033873517786561266
2 0.6947995545657015 0.1383399209486166 0.01670378619153675 0.028241106719367588
2 0.7429175946547883 0.08470355731225296 0.0238641425389755 0.033873517786561266
2 0.6176391982182627 0.03881422924901186 0.01829621380846325 0.02399209486166008