0 0.9716035634743875 0.22727272727272727 0.01670378619153675 0.09881422924901186
1 0.7561247216035635 0.1541501976284585 0.035634743875278395 0.1067193675889328
1 0.2522271714922049 0.6946640316205533 0.06347438752783964 0.13636363636363635
1 0.37806236080178174 0.7806324110671937 0.07238307349665925 0.25691699604743085
1 0.8062360801781737 0.41106719367588934 0.044543429844097995 0.1541501976284585
1 0.8552338530066815 0.4525691699604743 0.04899777282850779 0.15019762845849802
1 0.7171492204899778 0.22924901185770752 0.0400890868596882 0.13043478260869565
2 0.2509576837416481 0.6599407114624506 0.02306236080178174 0.04658102766798419
2 0.37662583518930953 0.6775889328063242 0.02783964365256125 0.036699604743083
2 0.8566703786191536 0.40019762845849804 0.020679287305122494 0.03529644268774704
2 0.8093429844097995 0.35855731225296444 0.01829621380846325 0.04235177865612648
2 0.7166703786191537 0.18280632411067194 0.017494432071269488 0.032470355731225295
2 0.7572383073496659 0.11717391304347825 0.020679287305122494 0.033873517786561266
1 0.6319599109131403 0.1157509881422925 0.042160356347438754 0.1383399209486166
2 0.6311692650334075 0.07128458498023715 0.015111358574610245 0.032470355731225295