1 0.3981069042316258 0.6452569169960475 0.06347438752783964 0.24308300395256918
1 0.6169265033407573 0.05237154150197629 0.028953229398663696 0.1007905138339921
1 0.7043429844097996 0.039525691699604744 0.03229398663697105 0.07905138339920949
1 0.826837416481069 0.2490118577075099 0.03897550111358575 0.12648221343873517
1 0.2728285077951002 0.5780632411067194 0.05790645879732739 0.12055335968379446
1 0.7817371937639198 0.22430830039525693 0.0400890868596882 0.13636363636363635
2 0.3957238307349666 0.5470158102766799 0.02306236080178174 0.04658102766798419
2 0.2740200445434298 0.5505335968379447 0.02306236080178174 0.033873517786561266
2 0.7846770601336303 0.17363636363636364 0.01670378619153675 0.028241106719367588
2 0.8288307349665924 0.2025691699604743 0.014320712694877506 0.02399209486166008
2 0.6184409799554565 0.01764822134387352 0.01192650334075724 0.015533596837944665