0 0.9716035634743875 0.21936758893280633 0.01893095768374165 0.09881422924901186
1 0.7071269487750557 0.20454545454545456 0.0378619153674833 0.12055335968379446
1 0.8541202672605791 0.4225098814229249 0.0467706013363029 0.1442687747035573
1 0.75 0.1383399209486166 0.034521158129175944 0.1067193675889328
1 0.3814031180400891 0.7608695652173914 0.07238307349665925 0.25691699604743085
1 0.2544543429844098 0.6778656126482213 0.06347438752783964 0.13043478260869565
1 0.8040089086859689 0.38636363636363635 0.0467706013363029 0.15612648221343872
2 0.25453229398663696 0.6465217391304348 0.025456570155902004 0.04517786561264822
2 0.37981069042316257 0.6613438735177866 0.032616926503340755 0.04940711462450593
2 0.8562694877505568 0.37195652173913046 0.02306236080178174 0.040928853754940715
2 0.8069487750556793 0.3289130434782609 0.019888641425389753 0.028241106719367588
2 0.7051336302895324 0.16092885375494073 0.019888641425389753 0.02258893280632411
2 0.7492873051224944 0.1016403162055336 0.022271714922048998 0.031047430830039528
1 0.6224164810690422 0.09527667984189724 0.042160356347438754 0.1482213438735178
2 0.6240089086859688 0.04658102766798419 0.01829621380846325 0.031047430830039528