1 0.643652561247216 0.08794466403162056 0.031180400890868598 0.10474308300395258
1 0.7165924276169265 0.05533596837944664 0.03229398663697105 0.09881422924901186
1 0.8363028953229399 0.2924901185770751 0.044543429844097995 0.13438735177865613
1 0.26670378619153673 0.6007905138339921 0.05902004454342984 0.1225296442687747
1 0.39198218262806234 0.6719367588932806 0.066815144766147 0.2490118577075099
1 0.7867483296213809 0.2608695652173913 0.03897550111358575 0.1422924901185771
2 0.3901559020044544 0.5717193675889328 0.02783964365256125 0.0508102766798419
2 0.26766146993318485 0.5674703557312253 0.026247216035634745 0.04235177865612648
2 0.8359799554565702 0.24774703557312253 0.017494432071269488 0.032470355731225295
2 0.7894543429844098 0.21033596837944665 0.02306236080178174 0.031047430830039528
2 0.7138864142538976 0.02399209486166008 0.019888641425389753 0.028241106719367588
2 0.6430957683741648 0.050118577075098814 0.015111358574610245 0.029644268774703556