1 0.12161458333333333 0.6226851851851852 0.2390625 0.7472222222222222
1 0.40234375 0.5680555555555555 0.16197916666666667 0.5953703703703703
1 0.626859375 0.42394444444444446 0.033484375000000004 0.14682407407407408
1 0.7704635416666666 0.5449722222222223 0.060265624999999996 0.3888888888888889
1 0.8322187499999999 0.48148148148148145 0.04984895833333333 0.25397222222222227
1 0.8891354166666667 0.4550277777777778 0.041666666666666664 0.20105555555555554
1 0.7269322916666667 0.48545370370370367 0.04761979166666667 0.3042314814814815
2 0.12574479166666666 0.3611111111111111 0.08630729166666667 0.18253703703703703
2 0.41890104166666664 0.32473148148148145 0.061010416666666664 0.09391666666666668
2 0.767484375 0.37830555555555556 0.024552083333333332 0.044972222222222226
2 0.8284947916666667 0.38360185185185186 0.026041666666666668 0.042324074074074076
2 0.888765625 0.3776481481481482 0.023067708333333332 0.03836111111111111
3 0.7358645833333333 0.3584629629629629 0.022322916666666668 0.044972222222222226