1 0.9158854166666667 0.44675925925925924 0.04010416666666667 0.1675925925925926
1 0.4347864583333333 0.6339259259259259 0.158109375 0.6697129629629629
1 0.5747760416666666 0.5370370370370371 0.07663541666666666 0.48148148148148145
1 0.763390625 0.48676851851851854 0.05505729166666666 0.3015833333333333
1 0.8251510416666666 0.516537037037037 0.04613020833333333 0.32672222222222225
2 0.45907812499999995 0.38360185185185186 0.044640624999999996 0.11639814814814814
3 0.4174114583333333 0.35250925925925924 0.032739583333333336 0.1045
2 0.5788697916666667 0.3465648148148148 0.03869270833333334 0.08465740740740742
3 0.7741822916666667 0.36706481481481484 0.021578125 0.04364814814814815
2 0.8188229166666667 0.38293518518518516 0.020088541666666668 0.046296296296296294
2 0.9155520833333333 0.38028703703703703 0.015625 0.03836111111111111