0 0.9716035634743875 0.2628458498023715 0.01893095768374165 0.09881422924901186
1 0.6169265033407573 0.044466403162055336 0.024498886414253896 0.08498023715415019
1 0.6904231625835189 0.2717391304347826 0.0400890868596882 0.10474308300395258
1 0.33964365256124723 0.908102766798419 0.07126948775055679 0.17984189723320157
1 0.673162583518931 0.1650197628458498 0.03229398663697105 0.116600790513834
1 0.2121380846325167 0.8675889328063241 0.07015590200445435 0.1976284584980237
1 0.8123608017817372 0.6926877470355731 0.05679287305122494 0.19960474308300397
1 0.762249443207127 0.5019762845849802 0.05011135857461024 0.17391304347826086
1 0.8151447661469933 0.30039525691699603 0.042316258351893093 0.12648221343873517
1 0.8747216035634744 0.775691699604743 0.061247216035634745 0.2075098814229249
2 0.21237193763919823 0.8088735177865614 0.0238641425389755 0.0508102766798419
2 0.34521158129175944 0.8455731225296443 0.0334075723830735 0.05928853754940711
2 0.8769487750556793 0.693102766798419 0.02783964365256125 0.04517786561264822
2 0.8184855233853007 0.6197035573122529 0.028630289532293986 0.04800395256916996
2 0.7643986636971046 0.4397233201581028 0.020679287305122494 0.040928853754940715
2 0.8145100222717149 0.25126482213438733 0.01908685968819599 0.039525691699604744
2 0.6936080178173719 0.2350395256916996 0.020679287305122494 0.03529644268774704
2 0.6729287305122494 0.12563241106719367 0.020679287305122494 0.031047430830039528