0 0.970489977728285 0.23221343873517786 0.01893095768374165 0.09288537549407115
1 0.7260579064587973 0.2519762845849802 0.0400890868596882 0.1324110671936759
1 0.762249443207127 0.1650197628458498 0.036748329621380846 0.11264822134387352
0 0.48942093541202675 0.7786561264822134 0.034521158129175944 0.07114624505928854
1 0.6185968819599109 0.044466403162055336 0.025612472160356347 0.08893280632411067
1 0.25 0.7094861660079052 0.06570155902004454 0.1383399209486166
1 0.3752783964365256 0.7974308300395256 0.07126948775055679 0.2628458498023715
1 0.8095768374164811 0.4367588932806324 0.04899777282850779 0.16205533596837945
1 0.8585746102449888 0.4782608695652174 0.053452115812917596 0.15019762845849802
2 0.24976614699331848 0.6740513833992094 0.01908685968819599 0.040928853754940715
1 0.6403118040089086 0.12845849802371542 0.0334075723830735 0.1157509881422925
2 0.3738418708240534 0.6959288537549407 0.0238641425389755 0.04800395256916996
2 0.8610356347438753 0.4220750988142292 0.019888641425389753 0.039525691699604744
2 0.8121269487750556 0.37195652173913046 0.022271714922048998 0.032470355731225295
2 0.7254231625835189 0.19691699604743082 0.01591314031180401 0.02399209486166008
2 0.7628062360801782 0.12845849802371542 0.017494432071269488 0.02541501976284585
2 0.6399109131403118 0.08187747035573123 0.015111358574610245 0.02541501976284585