0 0.9716035634743875 0.233201581027668 0.01893095768374165 0.09881422924901186
1 0.734966592427617 0.274703557312253 0.042316258351893093 0.13438735177865613
1 0.7694877505567929 0.17984189723320157 0.035634743875278395 0.11067193675889328
1 0.6219376391982183 0.05237154150197629 0.025612472160356347 0.1007905138339921
1 0.6430957683741648 0.13932806324110672 0.03229398663697105 0.11264822134387352
1 0.37138084632516705 0.8142292490118577 0.07238307349665925 0.2648221343873518
1 0.24888641425389754 0.724308300395257 0.06792873051224944 0.1442687747035573
1 0.811804008908686 0.4624505928853755 0.04899777282850779 0.16600790513833993
1 0.8608017817371938 0.5128458498023716 0.053452115812917596 0.16798418972332016
2 0.24698218262806235 0.6804150197628459 0.024654788418708242 0.04235177865612648
2 0.3730512249443207 0.7072332015810276 0.027048997772828508 0.039525691699604744
2 0.8614365256124722 0.4474901185770751 0.01908685968819599 0.028241106719367588
2 0.8161024498886414 0.40090909090909094 0.020679287305122494 0.028241106719367588
2 0.7337750556792872 0.21950592885375492 0.015111358574610245 0.026818181818181817
2 0.7695657015590202 0.13974308300395255 0.01829621380846325 0.02541501976284585
2 0.6474721603563474 0.09458498023715414 0.01908685968819599 0.016936758893280633