1 0.7639198218262806 0.466403162055336 0.0467706013363029 0.16205533596837945
1 0.6664810690423163 0.15019762845849802 0.030066815144766147 0.11462450592885376
0 0.9710467706013363 0.2608695652173913 0.0200445434298441 0.09881422924901186
1 0.6842984409799554 0.2598814229249012 0.03897550111358575 0.12055335968379446
1 0.6080178173719376 0.03458498023715415 0.026726057906458798 0.0691699604743083
1 0.8101336302895323 0.2826086956521739 0.04120267260579064 0.12648221343873517
1 0.344097995545657 0.8982213438735178 0.07126948775055679 0.19960474308300397
1 0.21603563474387527 0.8448616600790514 0.066815144766147 0.191699604743083
1 0.873608017817372 0.7341897233201581 0.061247216035634745 0.19960474308300397
1 0.8134743875278396 0.6610671936758893 0.05456570155902005 0.1956521739130435
2 0.2191425389755011 0.7862845849802372 0.02306236080178174 0.05646245059288538
2 0.34720489977728286 0.8286363636363637 0.032616926503340755 0.05928853754940711
2 0.8168930957683742 0.5879446640316206 0.028630289532293986 0.05223320158102767
2 0.8765478841870824 0.6634584980237154 0.025456570155902004 0.062114624505928855
2 0.7635968819599109 0.4044268774703557 0.0238641425389755 0.03812252964426877
2 0.8089420935412026 0.2350395256916996 0.01908685968819599 0.040928853754940715
2 0.6896325167037861 0.21879446640316205 0.020679287305122494 0.028241106719367588
2 0.6649665924276169 0.10021739130434783 0.017494432071269488 0.028241106719367588