1 0.6520044543429844 0.12310276679841897 0.030066815144766147 0.11067193675889328
0 0.9721603563474388 0.25592885375494073 0.017817371937639197 0.10474308300395258
1 0.7611358574610245 0.40711462450592883 0.043429844097995544 0.1541501976284585
1 0.22939866369710468 0.8102766798418972 0.07126948775055679 0.17786561264822134
1 0.8162583518930958 0.6017786561264822 0.0556792873051225 0.18379446640316205
1 0.7989977728285078 0.25592885375494073 0.03897550111358575 0.12055335968379446
1 0.3530066815144766 0.883399209486166 0.07126948775055679 0.22924901185770752
1 0.8702672605790646 0.6590909090909091 0.05902004454342984 0.17588932806324112
1 0.6742761692650334 0.21936758893280633 0.036748329621380846 0.10276679841897234
2 0.22629175946547886 0.7594664031620554 0.024654788418708242 0.05646245059288538
2 0.3579398663697105 0.7968577075098814 0.027048997772828508 0.04658102766798419
2 0.8180846325167038 0.5349999999999999 0.02306236080178174 0.039525691699604744
2 0.8741648106904232 0.595 0.027048997772828508 0.040928853754940715
2 0.7604231625835189 0.351501976284585 0.0238641425389755 0.033873517786561266
2 0.7974053452115814 0.21456521739130432 0.019888641425389753 0.028241106719367588
2 0.6792873051224945 0.1856324110671937 0.012728285077951002 0.03529644268774704
1 0.5909910913140313 0.03812252964426877 0.027048997772828508 0.07622529644268775