1 0.8335189309576837 0.26679841897233203 0.04120267260579064 0.13043478260869565
0 0.9743875278396437 0.17490118577075098 0.015590200445434299 0.08893280632411067
1 0.6308463251670379 0.06719367588932806 0.030066815144766147 0.1067193675889328
1 0.7110244988864143 0.044466403162055336 0.03229398663697105 0.08893280632411067
1 0.2700445434298441 0.5849802371541502 0.05902004454342984 0.1225296442687747
1 0.7839643652561247 0.2381422924901186 0.0378619153674833 0.13636363636363635
1 0.39365256124721604 0.6561264822134387 0.06570155902004454 0.2490118577075099
2 0.39532293986636974 0.559703557312253 0.0238641425389755 0.05223320158102767
2 0.2728285077951002 0.5547628458498023 0.0238641425389755 0.04800395256916996
2 0.833596881959911 0.2216205533596838 0.01908685968819599 0.031047430830039528
2 0.7874610244988864 0.18845849802371542 0.014320712694877506 0.026818181818181817
2 0.709120267260579 0.0091699604743083 0.015111358574610245 0.015533596837944665
2 0.6303674832962138 0.028932806324110674 0.01670378619153675 0.021166007905138343