1 0.32962138084632514 0.9258893280632411 0.066815144766147 0.1442687747035573
1 0.6887527839643652 0.1966403162055336 0.03229398663697105 0.12055335968379446
1 0.8246102449888641 0.3310276679841897 0.043429844097995544 0.1324110671936759
1 0.8775055679287305 0.8636363636363636 0.0645879732739421 0.21739130434782608
1 0.6998886414253898 0.3073122529644269 0.03897550111358575 0.1007905138339921
1 0.6347438752783965 0.07015810276679842 0.024498886414253896 0.08498023715415019
0 0.970489977728285 0.26778656126482214 0.021158129175946547 0.10869565217391304
1 0.20935412026726058 0.9011857707509882 0.08685968819599109 0.19367588932806323
1 0.8106904231625836 0.7648221343873518 0.062360801781737196 0.2134387351778656
1 0.7600222717149221 0.5691699604743083 0.05011135857461024 0.18181818181818182
2 0.20123608017817374 0.8406324110671937 0.034999999999999996 0.055059288537549406
2 0.3344766146993319 0.8872134387351779 0.032616926503340755 0.055059288537549406
2 0.8145100222717149 0.6818181818181818 0.027048997772828508 0.04235177865612648
2 0.8765478841870824 0.777806324110672 0.025456570155902004 0.04517786561264822
2 0.7643986636971046 0.4997233201581028 0.020679287305122494 0.039525691699604744
2 0.7007683741648106 0.2802173913043478 0.022271714922048998 0.032470355731225295
2 0.820478841870824 0.2816205533596838 0.024654788418708242 0.03529644268774704