0 0.9716035634743875 0.23517786561264822 0.01893095768374165 0.1067193675889328
1 0.6275055679287305 0.06620553359683795 0.02783964365256125 0.10474308300395258
1 0.7756124721603563 0.19466403162055335 0.036748329621380846 0.11264822134387352
1 0.7422048997772829 0.30138339920948615 0.043429844097995544 0.14031620553359683
1 0.6508908685968819 0.15612648221343872 0.03229398663697105 0.11462450592885376
1 0.24721603563474387 0.7420948616600791 0.07126948775055679 0.1482213438735178
1 0.3685968819599109 0.8359683794466403 0.07349665924276169 0.2727272727272727
1 0.8140311804008908 0.4891304347826087 0.051224944320712694 0.16798418972332016
1 0.8619153674832962 0.541501976284585 0.051224944320712694 0.17391304347826086
2 0.24260579064587975 0.7001778656126483 0.01908685968819599 0.05646245059288538
2 0.37026726057906456 0.727687747035573 0.031024498886414252 0.04658102766798419
2 0.865022271714922 0.4757114624505929 0.021481069042316257 0.04235177865612648
2 0.8145100222717149 0.42701581027667984 0.022271714922048998 0.03812252964426877
2 0.7417260579064588 0.2484387351778656 0.01670378619153675 0.031047430830039528
2 0.7747327394209355 0.15387351778656128 0.01908685968819599 0.036699604743083
2 0.6514476614699332 0.11717391304347825 0.01908685968819599 0.033873517786561266