1 0.6581291759465479 0.13636363636363635 0.028953229398663696 0.11067193675889328
0 0.9716035634743875 0.25691699604743085 0.01893095768374165 0.10276679841897234
1 0.6809576837416481 0.2450592885375494 0.036748329621380846 0.1225296442687747
1 0.22160356347438753 0.8270750988142292 0.066815144766147 0.18379446640316205
1 0.34855233853006684 0.8903162055335968 0.07126948775055679 0.21541501976284586
1 0.7616926503340757 0.4357707509881423 0.0467706013363029 0.1600790513833992
1 0.8145879732739421 0.6324110671936759 0.052338530066815145 0.18972332015810275
1 0.8730512249443207 0.6946640316205533 0.060133630289532294 0.18774703557312253
1 0.8051224944320713 0.26877470355731226 0.0400890868596882 0.1225296442687747
2 0.22271714922049 0.7693478260869565 0.0238641425389755 0.04800395256916996
2 0.35316258351893093 0.8152173913043478 0.0365924276169265 0.055059288537549406
2 0.8741648106904232 0.6239328063241106 0.028630289532293986 0.033873517786561266
2 0.8168930957683742 0.5590118577075099 0.028630289532293986 0.04517786561264822
2 0.7596213808463251 0.37195652173913046 0.027048997772828508 0.03529644268774704
2 0.8033741648106903 0.22233201581027667 0.025456570155902004 0.032470355731225295
2 0.683663697104677 0.2018577075098814 0.01829621380846325 0.036699604743083
2 0.6574164810690424 0.09527667984189724 0.015111358574610245 0.021166007905138343
1 0.5985523385300668 0.044466403162055336 0.02783964365256125 0.08893280632411067