1 0.32447916666666665 0.6125 0.18125 0.6657407407407407
1 0.49557291666666664 0.5611111111111111 0.1265625 0.5259259259259259
1 0.799109375 0.5284351851851852 0.044640624999999996 0.35052777777777777
1 0.7470260416666666 0.48213888888888895 0.05059375 0.30026851851851855
1 0.849328125 0.4834629629629629 0.045385416666666664 0.24735185185185185
1 0.9010416666666666 0.4543611111111111 0.037203125000000004 0.20237962962962963
2 0.3266354166666667 0.37037037037037035 0.061010416666666664 0.1455
2 0.5107864583333334 0.3478796296296296 0.046875 0.08730555555555557
3 0.7574427083333333 0.3617685185185185 0.020833333333333332 0.054231481481481485
2 0.796875 0.37830555555555556 0.028276041666666665 0.042324074074074076
2 0.8389114583333334 0.38293518518518516 0.023067708333333332 0.03836111111111111
2 0.9036458333333334 0.3776481481481482 0.018598958333333335 0.03571296296296296