0 0.9721603563474388 0.18379446640316205 0.017817371937639197 0.09486166007905138
1 0.6575723830734966 0.10968379446640317 0.03229398663697105 0.10869565217391304
1 0.72271714922049 0.07015810276679842 0.0334075723830735 0.1007905138339921
1 0.3908685968819599 0.6887351778656127 0.0645879732739421 0.2509881422924901
1 0.2639198218262806 0.6146245059288538 0.060133630289532294 0.1225296442687747
1 0.7912026726057907 0.2845849802371542 0.04120267260579064 0.14624505928853754
1 0.839086859688196 0.31719367588932806 0.043429844097995544 0.13636363636363635
2 0.2660690423162584 0.5851185770750988 0.024654788418708242 0.04940711462450593
2 0.38896436525612477 0.5893478260869565 0.0238641425389755 0.03812252964426877
2 0.7914365256124722 0.2308102766798419 0.020679287305122494 0.032470355731225295
2 0.83956570155902 0.2696245059288538 0.02306236080178174 0.028241106719367588
2 0.6562249443207127 0.0691699604743083 0.017494432071269488 0.028241106719367588
2 0.7214476614699332 0.03598814229249012 0.01908685968819599 0.026818181818181817